<Hierarchy>:
	<Frame>: 0 1 GCeiling001
	<ParentIndex>:-1
		<Transform>: -3.734203 0 -7.671278 270 0 0 2.54 2.54 2.54 -0.7071071 0 0 0.7071066  
		<TransformMatrix>: 2.54 0 0 0 0 -2.119541E-06 -2.54 0 0 2.54 -2.119541E-06 0 -3.734203 0 -7.671278 1  
		<Mesh>: 70 GCeiling001
			<Bounds>: -1.15 0 0.7678782 0.1199997 0.4251494 0.1721218
			<Positions>: 70 -1.030001 -0.3 0.5994495 -1.030001 -0.3415767 0.8094494 -1.030001 -0.395 0.5957564 -1.030001 -0.195 0.8094494 -1.030001 0 0.5994495 -1.030001 0 0.8094494 -1.030001 0.195 0.8094494 -1.030001 0.3 0.5994495 -1.030001 0.3415767 0.8094494 -1.030001 0.395 0.5957564 -1.27 -0.3 0.6 -1.030001 0 0.5994495 -1.030001 -0.3 0.5994495 -1.27 0 0.6 -1.27 0.3 0.6 -1.030001 0.3 0.5994495 -1.056804 -0.18 0.8529249 -1.23 -0.365 0.94 -1.056804 -0.365 0.8529249 -1.23 -0.18 0.94 -1.056804 0 0.8529249 -1.23 0 0.94 -1.23 0.18 0.94 -1.056804 0.18 0.8529249 -1.23 0.365 0.94 -1.056804 0.365 0.8529249 -1.056804 -0.365 0.8529249 -1.23 -0.365 0.94 -1.23 -0.425 0.6 -1.059999 -0.4251494 0.5995474 -1.030001 -0.3415767 0.8094494 -1.036702 -0.3591442 0.8353183 -1.0375 -0.4175374 0.5985507 -1.030001 -0.395 0.5957564 -1.030001 -0.195 0.8094494 -1.036702 -0.3591442 0.8353183 -1.030001 -0.3415767 0.8094494 -1.036702 -0.18375 0.8353183 -1.030001 0 0.8094494 -1.036701 0 0.8353183 -1.036702 0.18375 0.8353183 -1.030001 0.195 0.8094494 -1.036702 0.3591442 0.8353183 -1.030001 0.3415767 0.8094494 -1.056804 -0.365 0.8529249 -1.036702 -0.3591442 0.8353183 -1.036702 -0.18375 0.8353183 -1.056804 -0.18 0.8529249 -1.036701 0 0.8353183 -1.056804 0 0.8529249 -1.056804 0.18 0.8529249 -1.036702 0.18375 0.8353183 -1.056804 0.365 0.8529249 -1.036702 0.3591442 0.8353183 -1.059999 -0.4251494 0.5995474 -1.0375 -0.4175374 0.5985507 -1.036702 -0.3591442 0.8353183 -1.056804 -0.365 0.8529249 -1.23 0.425 0.6 -1.23 0.365 0.94 -1.056804 0.365 0.8529249 -1.059999 0.4251494 0.5995474 -1.030001 0.3415767 0.8094494 -1.030001 0.395 0.5957564 -1.0375 0.4175374 0.5985507 -1.036702 0.3591442 0.8353183 -1.059999 0.4251494 0.5995474 -1.056804 0.365 0.8529249 -1.036702 0.3591442 0.8353183 -1.0375 0.4175374 0.5985507  
			<Colors>: 0  
			<TextureCoords0>: 70 0.1328687 0.2859632 0.0809416 0.02832031 0.01625239 0.2908967 0.2608944 0.02770376 0.5011801 0.2847016 0.5002969 0.02688384 0.7396986 0.02606368 0.869491 0.2834398 0.9196517 0.02544725 0.9861387 0.2875744 0.8041211 0.5790784 0.4988816 0.8220451 0.803524 0.8227919 0.4994793 0.5783317 0.1985543 0.5775918 0.1979573 0.8213055 0.3506716 0.981715 0.2024196 0.8260489 0.2022599 0.9815624 0.3508316 0.8262011 0.4950723 0.9818634 0.4952323 0.8263497 0.6396329 0.826498 0.6394731 0.9820117 0.788045 0.8266506 0.7878854 0.9821645 0.9912467 0.7103272 0.8151273 0.622389 0.8134156 0.9729816 0.9860395 0.9747453 0.571616 0.4446816 0.5356363 0.4888887 0.9794577 0.4893706 0.9736941 0.4460577 0.7538754 0.3212062 0.9686658 0.355723 0.9456143 0.320814 0.7392306 0.3561925 0.4980667 0.3171129 0.499407 0.352043 0.2592174 0.3612582 0.243172 0.3268921 0.02906474 0.3576464 0.05197342 0.3226434 0.9763979 0.3906633 0.9686658 0.355723 0.7392306 0.3561925 0.7343968 0.3911586 0.499407 0.352043 0.4989366 0.3916411 0.2634764 0.3921229 0.2592174 0.3612582 0.02147603 0.3926182 0.02906474 0.3576464 0.9823989 0.5325763 0.9794577 0.4893706 0.5356363 0.4888887 0.5070717 0.5297811 0.1827905 0.976558 0.1851477 0.6259686 0.008019857 0.7118574 0.01015784 0.9763182 0.4257609 0.4429017 0.02369026 0.440028 0.01966898 0.4832821 0.4634715 0.4874911 0.01627081 0.526455 0.491602 0.5286826 0.4634715 0.4874911 0.01966898 0.4832821  
			<TextureCoords1>: 0  
			<Normals>: 70 1 0 0 0.9877647 -0.1068313 0.1136143 0.9854286 -0.1653041 0.04006156 0.9919806 0 0.1263908 1 0 0 0.9919807 0 0.1263902 0.9919806 0 0.1263907 1 0 0 0.9877645 0.1068316 0.1136142 0.9854286 0.1653047 0.04006155 -0.002293566 0 -0.9999974 -0.002293567 0 -0.9999974 -0.002293566 0 -0.9999974 -0.002293567 0 -0.9999974 -0.002293566 0 -0.9999974 -0.002293566 0 -0.9999974 0.5585018 0 0.8295034 0.4491815 0 0.8934405 0.5506853 0 0.8347129 0.4491814 0 0.8934405 0.5585014 0 0.8295035 0.4491814 0 0.8934405 0.4491814 0 0.8934405 0.5585018 0 0.8295034 0.4491815 0 0.8934405 0.5506854 0 0.8347129 0.158687 -0.9656039 0.2059791 0.05005779 -0.9789333 0.1979487 0.05005779 -0.9789333 0.1979487 0.2144464 -0.9540743 0.2091767 0.9877647 -0.1068313 0.1136143 0.9761736 -0.1359395 0.1691317 0.9550105 -0.2882284 0.06985231 0.9854286 -0.1653041 0.04006156 0.9919806 0 0.1263908 0.9761736 -0.1359395 0.1691317 0.9877647 -0.1068313 0.1136143 0.9680508 0 0.2507541 0.9919807 0 0.1263902 0.9680511 0 0.2507533 0.9680508 0 0.2507538 0.9919806 0 0.1263907 0.9761736 0.1359399 0.1691315 0.9877645 0.1068316 0.1136142 0.5506853 0 0.8347129 0.6588649 0 0.7522614 0.6588644 0 0.7522617 0.5585018 0 0.8295034 0.658864 0 0.7522621 0.5585014 0 0.8295035 0.5585018 0 0.8295034 0.6588645 0 0.7522616 0.5506854 0 0.8347129 0.6588651 0 0.7522612 0.2144464 -0.9540743 0.2091767 0.3784027 -0.9004019 0.2146806 0.3784027 -0.9004019 0.2146806 0.158687 -0.9656039 0.2059791 0.05005776 0.9789333 0.1979486 0.05005776 0.9789333 0.1979486 0.1586871 0.9656039 0.2059791 0.2144465 0.9540743 0.2091768 0.9877645 0.1068316 0.1136142 0.9854286 0.1653047 0.04006155 0.9550103 0.2882292 0.06985229 0.9761736 0.1359399 0.1691315 0.2144465 0.9540743 0.2091768 0.1586871 0.9656039 0.2059791 0.3784029 0.9004018 0.2146808 0.3784029 0.9004018 0.2146808  
			<Tangents>: 70 0 0.9999942 -0.00342505 0.106522 0.9942714 0.008806795 0.1653076 0.9862367 0.003248401 0 0.9999944 -0.00337085 0 0.9999942 -0.003425552 0 0.9999944 -0.003370629 0 0.9999944 -0.003371009 0 0.9999942 -0.00342559 -0.1057401 0.9942713 -0.01560737 -0.1650263 0.9862366 -0.01018206 -0.002451207 -0.999997 0 -0.002439618 -0.999997 0 -0.002451298 -0.999997 0 -0.002439759 -0.999997 0 -0.002428686 -0.9999971 0 -0.002428313 -0.9999971 0 0 1 0 0 1 0 0 1 0 0 1 0 0 1 0 0 1 0 0 1 0 0 1 0 0 1 0 0 1 0 0.9872984 0.1568297 -0.02542062 0.9987214 0.05046045 -0.003012758 0.9987198 0.05050848 -0.002774783 0.9767075 0.2110932 -0.03849754 0.08407512 -0.2488015 -0.9648985 0.1297407 -0.2591219 -0.957091 -0.001032478 -0.2387622 -0.9710776 0 -0.2390913 -0.9709971 0 -0.9999896 -0.004569398 -0.1342951 -0.990715 -0.02117871 -0.1063642 -0.9942752 -0.01018257 0.002327139 -0.999957 -0.008984056 -0.00132877 -0.9999448 0.01042892 -0.002642074 -0.9999446 0.01019991 -0.003995273 -0.999873 0.015424 0 -1 0 0.1365994 -0.9905958 0.007785275 0.1079519 -0.9941491 -0.003736524 -0.001692649 -0.999998 0.001116692 -0.00153967 -0.999998 0.001348513 0.005062191 -0.9999774 -0.004433692 0.00622096 -0.9999719 -0.004188552 -0.002146399 -0.9999959 0.00187991 -0.001487312 -0.9999985 0.001001402 -0.01182125 -0.9998984 0.007959205 -0.00746326 -0.9999508 0.006536659 -0.001692844 -0.999998 0.001116821 0 -1 0 -0.007640314 -0.215791 -0.9764097 -0.004514676 -0.2337189 -0.9722937 -0.004718143 -0.2337996 -0.9722733 -0.009977835 -0.2101803 -0.9776118 -0.998737 0.04820798 0.0141559 -0.998736 0.04816047 0.01439065 -0.9873218 0.1544005 0.03682678 -0.9767268 0.2085532 0.0501031 -0.0826976 -0.2588491 0.9623711 0.00241298 -0.2490945 0.9684761 0.004170758 -0.2485611 0.9686073 -0.1278953 -0.2692121 0.9545509 0.01789999 -0.2179619 0.9757932 0.01999054 -0.211722 0.9771254 0.01449154 -0.2376608 0.9712402 0.01428856 -0.2375808 0.9712626  
			<BiTangents>: 70 0 0.00342505 0.9999942 -0.1139043 0.003403384 0.9934859 -0.04004716 0.003421414 0.9991919 -0.1263901 0.003343817 0.991975 0 0.003425552 0.9999942 -0.1263895 0.003343598 0.991975 -0.12639 0.003343976 0.991975 0 0.00342559 0.9999942 -0.1146307 0.003402821 0.9934024 -0.04119331 0.003422482 0.9991454 -0.9999944 0.002451201 0.00229356 -0.9999944 0.002439612 0.00229356 -0.9999944 0.002451292 0.00229356 -0.9999944 0.002439753 0.00229356 -0.9999944 0.002428679 0.00229356 -0.9999944 0.002428306 0.00229356 -0.8295032 0 0.5585018 -0.8934405 0 0.4491815 -0.8347129 0 0.5506854 -0.8934405 0 0.4491814 -0.8295035 0 0.5585015 -0.8934406 0 0.4491814 -0.8934405 0 0.4491814 -0.8295032 0 0.5585018 -0.8934405 0 0.4491815 -0.8347129 0 0.5506854 -0.007757391 0.2073968 0.9782261 -0.007039294 0.1978465 0.9802077 -0.007281762 0.1978342 0.9802085 -0.007426281 0.2125602 0.9771197 0.1313487 0.9626447 -0.2367754 0.1739322 0.9562303 -0.2353111 0.2965702 0.9273171 -0.228318 0.1700882 0.9568486 -0.2356075 0.1263895 0.004532755 -0.9919704 0.1704403 -0.002039451 -0.9853659 0.1140517 -0.002026506 -0.9934728 0.2507433 0.009280562 -0.9680092 0.1263832 -0.01051323 -0.9919258 0.2507394 -0.01053654 -0.9679973 0.250722 -0.01593305 -0.967928 0.1263907 0 -0.9919806 0.1685993 0.01550348 -0.9855627 0.1125503 0.01595567 -0.9935179 0.8347112 -0.002027821 -0.5506842 0.7522597 -0.002046722 -0.6588635 0.7522447 0.006729294 -0.6588495 0.82948 0.007499621 -0.5584861 0.752259 -0.00285326 -0.6588613 0.8295022 -0.001793015 -0.5585006 0.829419 -0.01425099 -0.558445 0.7522246 -0.009921097 -0.6588321 0.8347112 -0.002028056 -0.5506843 0.7522612 0 -0.6588651 0.9767059 0.2077893 -0.05356501 0.9256301 0.3669494 -0.0925049 0.9256291 0.366898 -0.09271864 0.9872785 0.1530791 -0.04298753 0.004314978 -0.1984072 0.9801102 0.004554193 -0.1984188 0.9801068 0.003756817 -0.2092116 0.9778632 0.004177604 -0.215053 0.9765934 0.1322206 -0.9599918 -0.2468472 0.1700727 -0.9542674 -0.2458637 0.2965434 -0.9247385 -0.2385805 0.1752938 -0.9534386 -0.2454117 0.9765717 -0.2055111 -0.06381907 0.9871265 -0.1509396 -0.05290051 0.9255275 -0.3644091 -0.1029797 0.9255307 -0.3644612 -0.1027667  
			<SubMeshes>: 1
				<SubMesh>: 0 144 0 1 2 0 3 1 3 0 4 3 4 5 6 5 4 6 4 7 7 8 6 7 9 8 10 11 12 10 13 11 14 11 13 14 15 11 16 17 18 16 19 17 20 19 16 20 21 19 22 21 20 22 20 23 24 22 23 24 23 25 26 27 28 26 28 29 30 31 32 30 32 33 34 35 36 34 37 35 38 37 34 38 39 37 38 40 39 38 41 40 41 42 40 41 43 42 44 45 46 44 46 47 47 46 48 47 48 49 50 49 48 50 48 51 52 50 51 52 51 53 54 55 56 54 56 57 58 59 60 58 60 61 62 63 64 62 64 65 66 67 68 66 68 69  
		</Mesh>
		<Materials>: 1
			<Material>: 0
			<MaterialName>:Material #14 (Instance)
				<AlbedoColor>: 1 1 1 1
				<EmissiveColor>: 0 0 0 1
				<Glossiness>: 0.4472136
				<Metallic>: 0
				<SpecularHighlight>: 1
				<GlossyReflection>: 1
				<AlbedoMap>: PR_ver_0.3_GCeiling001,004_texture
				<MetallicMap>: null
				<NormalMap>: null
				<EmissionMap>: null
				<DetailAlbedoMap>: null
				<DetailNormalMap>: null
		</Materials>
		<Children>: 0
	</Frame>
</Hierarchy>
