<Hierarchy>:
	<Frame>: 0 1 Wall001
	<ParentIndex>:-1
		<Transform>: 1.27686 4.768372E-07 -16.91473 270 0 0 2.54 2.54 2.54 -0.7071071 0 0 0.7071066  
		<TransformMatrix>: 2.54 0 0 0 0 -2.119541E-06 -2.54 0 0 2.54 -2.119541E-06 0 1.27686 4.768372E-07 -16.91473 1  
		<Mesh>: 65 Wall001
			<Bounds>: -0.8017265 -1.184227 1.255774 0.4367265 0.05422646 1.244226
			<Positions>: 65 -0.8511677 -1.237155 0.01284454 -1.238453 -1.238453 0.011547 -1.235858 -1.235858 0.5 -0.8498701 -1.232929 0.5 -1.235858 -1.235858 1 -0.8498701 -1.232929 1 -1.235858 -1.235858 1.5 -0.8498701 -1.232929 1.5 -1.235858 -1.235858 2 -0.8498701 -1.232929 2 -1.235858 -1.235858 2.5 -0.8498701 -1.232929 2.5 -0.425 -1.235858 0.01414215 -0.75 -1.235858 0.01414214 -0.75 -1.23 0.5 -0.425 -1.23 0.5 -0.75 -1.23 1 -0.425 -1.23 0.5999999 -0.365 -1.23 0.9399999 -0.5 -1.23 1.5 -0.75 -1.23 1.5 -0.365 -1.23 1.5 -0.365 -1.13 1.75 -0.365 -1.23 1.5 -0.5 -1.23 1.5 -0.75 -1.23 1.5 -0.75 -1.13 1.75 -0.75 -1.13 2 -0.365 -1.13 2 -0.75 -1.13 2.25 -0.365 -1.13 2.25 -0.75 -1.23 2.5 -0.365 -1.23 2.5 -0.8539348 -1.137194 0.01264133 -0.752767 -1.130038 0.4997968 -0.752767 -1.135896 0.01393892 -0.8526372 -1.132967 0.4997968 -0.752767 -1.130038 0.9997967 -0.8526372 -1.132967 0.9997967 -0.752767 -1.130038 1.499797 -0.8526372 -1.132967 1.499797 -0.752767 -1.130038 1.999797 -0.8526372 -1.132967 1.999797 -0.752767 -1.130038 2.499797 -0.8526372 -1.132967 2.499797 -0.75 -1.23 0.5 -0.75 -1.235858 0.01414214 -0.752767 -1.135896 0.01393892 -0.752767 -1.130038 0.4997968 -0.75 -1.23 1 -0.752767 -1.130038 0.9997967 -0.75 -1.23 1.5 -0.752767 -1.130038 1.499797 -0.8511677 -1.237155 0.01284454 -0.8526372 -1.132967 0.4997968 -0.8539348 -1.137194 0.01264133 -0.8498701 -1.232929 0.5 -0.8526372 -1.132967 0.9997967 -0.8498701 -1.232929 1 -0.8526372 -1.132967 1.499797 -0.8498701 -1.232929 1.5 -0.8526372 -1.132967 1.999797 -0.8498701 -1.232929 2 -0.8526372 -1.132967 2.499797 -0.8498701 -1.232929 2.5  
			<Colors>: 0  
			<TextureCoords0>: 65 0.1645361 0.9954674 0.01115348 0.9957551 0.01246991 0.802306 0.1653416 0.802527 0.01275597 0.6042853 0.1656276 0.6045059 0.01304218 0.4062644 0.1659138 0.4064852 0.01332828 0.2082434 0.1661998 0.2084645 0.01361437 0.01022291 0.1664861 0.01044363 0.5520019 0.9910032 0.3387794 0.991089 0.3386507 0.6723092 0.5518734 0.6722232 0.3385185 0.3442745 0.5518469 0.6066165 0.591121 0.3835369 0.5024038 0.01617336 0.3383862 0.01623982 0.590973 0.01613772 0.9885822 0.7306566 0.9889418 0.9794775 0.8641887 0.9796578 0.633164 0.9799921 0.6328043 0.7311711 0.6324702 0.5001467 0.9882477 0.4996322 0.6321362 0.2691227 0.9879137 0.2686079 0.6317765 0.02030194 0.987554 0.01978731 0.233245 0.987038 0.2724689 0.7970288 0.2727296 0.9864759 0.2335151 0.7970461 0.2725874 0.6020728 0.2336136 0.6020563 0.2726825 0.4069946 0.233709 0.4070292 0.2722727 0.2118603 0.2332938 0.2120062 0.2711995 0.0167644 0.2322354 0.01697296 0.3114636 0.7971684 0.3117346 0.9868023 0.2727296 0.9864759 0.2724689 0.7970288 0.3116022 0.6020207 0.2725874 0.6020728 0.3116887 0.4070398 0.2726825 0.4069946 0.1942246 0.987229 0.2335151 0.7970461 0.233245 0.987038 0.1945176 0.7970933 0.2336136 0.6020563 0.1946104 0.6019641 0.233709 0.4070292 0.1947037 0.4069848 0.2332938 0.2120062 0.194285 0.2120723 0.2322354 0.01697296 0.1932303 0.01710075  
			<TextureCoords1>: 0  
			<Normals>: 65 -0.00545376 0.9999609 -0.006970261 -0.00545376 0.9999609 -0.006970261 -0.006519064 0.9999727 -0.003491082 -0.006521807 0.9999727 -0.003482123 -0.007587911 0.9999713 0 -0.007587911 0.9999713 0 -0.007587911 0.9999713 0 -0.007587911 0.9999713 0 -0.007587911 0.9999713 0 -0.007587911 0.9999713 0 -0.007587911 0.9999713 0 -0.007587911 0.9999713 0 0 0.9999274 -0.01205589 0 0.9999274 -0.01205589 0 0.9999819 -0.006028052 0 0.9999819 -0.006028052 0 1 0 0 1 0 0 1 0 0 0.9819564 -0.1891075 0 0.9819564 -0.1891075 0 0.9819564 -0.1891075 0 0.9819564 -0.1891075 0 0.9819564 -0.1891075 0 0.9819564 -0.1891075 0 0.9819564 -0.1891075 0 0.9819564 -0.1891075 0 1 0 0 1 0 0 0.9819564 0.1891075 0 0.9819564 0.1891075 0 0.9284768 0.3713907 0 0.9284768 0.3713907 -0.02095113 0.9997271 -0.01033339 -0.02513396 0.9996707 -0.005166228 -0.02095113 0.9997271 -0.01033339 -0.0251296 0.9996709 -0.005171602 -0.02931472 0.9995702 0 -0.02931472 0.9995702 0 -0.02931472 0.9995702 0 -0.02931472 0.9995702 0 -0.02931472 0.9995702 0 -0.02931472 0.9995702 0 -0.02931473 0.9995702 0 -0.02931473 0.9995702 0 0.9996171 0.02767003 -0.0001672271 0.9996171 0.02766964 -0.0003336094 0.9996171 0.02766964 -0.0003336094 0.9996171 0.02767004 -0.0001663789 0.9996171 0.02767039 0 0.9996171 0.02767039 0 0.9979823 0.06331518 -0.00475807 0.9976096 0.06888311 -0.005501742 -0.9996131 -0.02766393 0.002902629 -0.9996161 -0.02766716 0.001449215 -0.9996131 -0.02766393 0.002902629 -0.9996161 -0.02766715 0.001453405 -0.9996171 -0.02767081 0 -0.9996171 -0.02767082 0 -0.9996171 -0.0276713 0 -0.9996171 -0.0276713 0 -0.9996171 -0.0276713 0 -0.9996171 -0.0276713 0 -0.9996171 -0.02767129 0 -0.9996171 -0.02767129 0  
			<Tangents>: 65 0.999984 0.005464063 0.001459902 0.999984 0.00546406 0.001459377 0.9999777 0.006524167 0.001452379 0.9999777 0.006526883 0.001448887 0.9999702 0.007587903 0.001443603 0.9999702 0.007587903 0.00144326 0.9999702 0.007587903 0.001444403 0.9999702 0.007587903 0.001444127 0.9999702 0.007587903 0.001446544 0.9999702 0.007587903 0.00144548 0.9999702 0.007587903 0.001444951 0.9999702 0.007587903 0.001443814 1 0 0 1 0 0 1 0 0 1 0 0 1 0 0 1 0 0 1 0 0 1 0 0 1 0 0 1 0 0 0.999999 0 -0.001394492 0.999999 0 -0.001394162 0.999999 0 -0.001394791 0.999999 0 -0.001394668 0.999999 0 -0.001394407 0.9999989 0 -0.001446148 0.9999989 0 -0.001446454 0.999999 0 -0.001395084 0.999999 0 -0.001395178 0.9999992 0 -0.001343403 0.9999992 0 -0.001343017 0.9997796 0.02093666 -0.001506112 0.9996841 0.02513239 0 0.9997799 0.02093819 -0.001359196 0.9996842 0.02512739 0 0.9995702 0.02931472 0 0.9995702 0.02931472 0 0.9995696 0.0293147 -0.001066198 0.9995702 0.02931472 0 0.9995632 0.02931452 -0.003742357 0.9995635 0.02931452 -0.003664131 0.999557 0.02931433 -0.005149569 0.9995559 0.0293143 -0.005351575 0.02767054 -0.9995996 0.005918769 0.02767161 -0.999563 0.01039652 0.02767158 -0.9995692 0.009781043 0.02767053 -0.9996031 0.005300647 0.02767037 -0.9996164 0.001163326 0.02767039 -0.9996171 0 0.06332996 -0.9979881 0.003021619 0.06889848 -0.9976202 0.002652234 -0.02768347 0.9995927 -0.006925271 -0.02767174 0.9996118 -0.003241029 -0.02768219 0.9995959 -0.006451795 -0.02767177 0.9996118 -0.003254144 -0.02767082 0.9996171 0 -0.02767082 0.9996171 0 -0.0276713 0.9996171 0 -0.02767128 0.9996165 -0.001071878 -0.02767112 0.9996108 -0.003548136 -0.0276711 0.9996098 -0.003825764 -0.02767093 0.999604 -0.005110632 -0.0276709 0.999603 -0.005309501  
			<BiTangents>: 65 -0.00149793 0.006962187 0.9999746 -0.001497405 0.006962189 0.9999746 -0.001475116 0.003481535 0.9999928 -0.001471575 0.003472595 0.9999928 -0.001443561 -1.095393E-05 0.9999989 -0.001443218 -1.095133E-05 0.9999989 -0.001444362 -1.096E-05 0.9999989 -0.001444085 -1.09579E-05 0.9999989 -0.001446502 -1.097624E-05 0.9999989 -0.001445438 -1.096817E-05 0.9999989 -0.001444909 -1.096416E-05 0.9999989 -0.001443772 -1.095553E-05 0.9999989 0 0.01205588 0.9999273 0 0.01205588 0.9999273 0 0.006028052 0.9999819 0 0.006028052 0.9999819 0 0 1 0 0 1 0 0 1 0 0.1891075 0.9819564 0 0.1891075 0.9819564 0 0.1891075 0.9819564 0.00136933 0.1891074 0.9819555 0.001369007 0.1891074 0.9819555 0.001369624 0.1891074 0.9819555 0.001369504 0.1891074 0.9819555 0.001369247 0.1891074 0.9819555 0.001446148 0 0.9999989 0.001446454 0 0.9999989 0.001369912 -0.1891074 0.9819555 0.001370004 -0.1891074 0.9819555 0.001247318 -0.3713904 0.928476 0.00124696 -0.3713904 0.928476 0.001289354 0.01036267 0.9999455 -0.0001298396 0.005164596 0.9999866 0.001142463 0.01035959 0.9999457 -0.0001299489 0.005169969 0.9999866 0 0 1 0 0 1 0.00106574 3.125531E-05 0.9999994 0 0 1 0.003740749 0.0001097062 0.999993 0.003662556 0.000107413 0.9999933 0.005147356 0.0001509582 0.9999868 0.005349275 0.00015688 0.9999857 3.387651E-06 0.005921129 0.9999824 4.579573E-05 0.01040177 0.9999459 6.282772E-05 0.009786529 0.9999521 1.96438E-05 0.005303221 0.999986 -3.21897E-05 0.001162881 0.9999993 0 0 1 0.004557183 0.00331685 0.9999841 0.005305954 0.003024956 0.9999814 0.002709866 0.007002947 0.9999718 0.001358983 0.003279887 0.9999937 0.002722974 0.00652965 0.999975 0.001362808 0.003293113 0.9999937 0 0 1 0 0 1 0 0 1 -2.966025E-05 0.001071467 0.9999995 -9.818152E-05 0.003546777 0.9999937 -0.0001058638 0.003824299 0.9999927 -0.0001414178 0.005108675 0.9999869 -0.0001469207 0.005307468 0.9999859  
			<SubMeshes>: 1
				<SubMesh>: 0 159 0 1 2 0 2 3 3 2 4 3 4 5 5 4 6 5 6 7 7 6 8 7 8 9 9 8 10 9 10 11 12 13 14 12 14 15 15 14 16 15 16 17 18 17 16 16 19 18 16 20 19 19 21 18 22 23 24 24 25 22 25 26 22 22 26 27 22 27 28 28 27 29 28 29 30 30 29 31 30 31 32 33 34 35 33 36 34 36 37 34 36 38 37 38 39 37 38 40 39 40 41 39 40 42 41 42 43 41 42 44 43 45 46 47 45 47 48 49 45 48 49 48 50 51 49 50 51 50 52 53 54 55 53 56 54 56 57 54 56 58 57 58 59 57 58 60 59 60 61 59 60 62 61 62 63 61 62 64 63  
		</Mesh>
		<Materials>: 1
			<Material>: 0
			<MaterialName>:Material #8.001 (Instance)
				<AlbedoColor>: 1 1 1 1
				<EmissiveColor>: 0 0 0 1
				<Glossiness>: 0.4472136
				<Metallic>: 0
				<SpecularHighlight>: 1
				<GlossyReflection>: 1
				<AlbedoMap>: PR_ver_0.3_Wall-3_texture
				<MetallicMap>: null
				<NormalMap>: null
				<EmissionMap>: null
				<DetailAlbedoMap>: null
				<DetailNormalMap>: null
		</Materials>
		<Children>: 0
	</Frame>
</Hierarchy>
