<Hierarchy>:
	<Frame>: 0 1 Wall001-2
	<ParentIndex>:-1
		<Transform>: 0.2063899 0 -17.03896 270 0 0 2.54 2.54 2.54 -0.7071071 0 0 0.7071066  
		<TransformMatrix>: 2.54 0 0 0 0 -2.119541E-06 -2.54 0 0 2.54 -2.119541E-06 0 0.2063899 0 -17.03896 1  
		<Mesh>: 50 Wall001-2
			<Bounds>: 0 -1.13 1.72 0.365 0.1 0.7800001
			<Positions>: 50 0.365 -1.23 1.5 0.365 -1.23 0.9399999 0.365 -1.13 1.5 0.365 -1.23 1.5 0.365 -1.03 1.75 0.365 -1.13 1.75 -0.365 -1.23 1.5 -0.365 -1.13 1.5 -0.365 -1.23 0.9399999 -0.365 -1.23 1.5 -0.365 -1.03 1.75 -0.365 -1.13 1.75 0.365 -1.13 1.5 0.365 -1.23 0.9399999 0 -1.23 0.9399999 0 -1.13 1.5 0.365 -1.03 1.75 -0.365 -1.13 1.5 -0.365 -1.23 0.9399999 -0.365 -1.03 1.75 0 -1.03 1.75 0.365 -1.03 2 -0.365 -1.03 2 0 -1.03 2 0.365 -1.03 2.25 -0.365 -1.03 2.25 0 -1.03 2.25 0.365 -1.13 2.5 -0.365 -1.13 2.5 0 -1.13 2.5 0.365 -1.13 1.75 0.365 -1.03 1.75 0.365 -1.03 2 0.365 -1.13 2 0.365 -1.03 2.25 0.365 -1.13 2.25 0.365 -1.13 2.25 0.365 -1.03 2.25 0.365 -1.13 2.5 0.365 -1.23 2.5 -0.365 -1.13 1.75 -0.365 -1.03 2 -0.365 -1.03 1.75 -0.365 -1.13 2 -0.365 -1.03 2.25 -0.365 -1.13 2.25 -0.365 -1.13 2.25 -0.365 -1.23 2.5 -0.365 -1.13 2.5 -0.365 -1.03 2.25  
			<Colors>: 0  
			<TextureCoords0>: 50 0.7723995 0.3105214 0.6923367 0 0.7225858 0.3266132 0.7737498 0.3114697 0.7225798 0.4967123 0.7798669 0.4710549 0.2050375 0.310679 0.2532236 0.3245137 0.2819109 0.004918516 0.2016259 0.3109794 0.252817 0.4952289 0.1956863 0.4704649 0.7225858 0.3266132 0.6923367 0 0.4876254 0.003960013 0.4877675 0.3371915 0.7225798 0.4967123 0.2532236 0.3245137 0.2819109 0.004918516 0.252817 0.4952289 0.4875008 0.4995046 0.7145582 0.6521101 0.2604451 0.6513635 0.4874192 0.6544752 0.7170023 0.8092247 0.2578615 0.8089502 0.4873327 0.8070329 0.7086995 0.9756019 0.2669188 0.9759048 0.4879398 0.9754062 0.7840188 0.5031118 0.7225798 0.4967123 0.7145582 0.6521101 0.7765031 0.654177 0.7170023 0.8092247 0.7793698 0.8074749 0.7724622 0.8377043 0.7170023 0.8092247 0.7086995 0.9756019 0.7660874 0.999194 0.1913706 0.5023248 0.2604451 0.6513635 0.252817 0.4952289 0.1984217 0.653468 0.2578615 0.8089502 0.1957209 0.8077329 0.2025255 0.8384253 0.2097403 1 0.2669188 0.9759048 0.2578615 0.8089502  
			<TextureCoords1>: 0  
			<Normals>: 50 1 0 0 1 0 0 1 0 0 1 0 0 1 0 0 1 0 0 -1 0 0 -1 0 0 -1 0 0 -1 0 0 -1 0 0 -1 0 0 0 0.9614393 -0.2750172 0 0.9844276 -0.1757906 0 0.9844276 -0.1757906 0 0.9614393 -0.2750172 0 0.9819564 -0.1891075 0 0.9614393 -0.2750172 0 0.9844276 -0.1757906 0 0.9819564 -0.1891075 0 0.9819564 -0.1891075 0 1 0 0 1 0 0 1 0 0 0.9819564 0.1891075 0 0.9819564 0.1891075 0 0.9819564 0.1891075 0 0.9284768 0.3713907 0 0.9284768 0.3713907 0 0.9284768 0.3713907 1 0 0 1 0 0 1 0 0 1 0 0 1 0 0 1 0 0 1 0 0 1 0 0 1 0 0 1 0 0 -1 0 0 -1 0 0 -1 0 0 -1 0 0 -1 0 0 -1 0 0 -1 0 0 -1 0 0 -1 0 0 -1 0 0  
			<Tangents>: 50 0 -0.960377 0.2787043 0 -0.960377 0.2787043 0 -0.960377 0.2787043 0 -0.9673249 0.2535399 0 -0.9139354 0.4058596 0 -0.9262423 0.3769286 0 0.9693661 -0.2456205 0 0.9693661 -0.2456206 0 0.9693661 -0.2456205 0 0.9741644 -0.2258399 0 0.9206011 -0.3905043 0 0.9332448 -0.3592409 0.9988536 0.01316557 0.04602582 0.9995467 0.005292143 0.029636 0.9999338 0.002021695 0.01132149 0.9999988 0 -0.001528276 0.9997569 0.004170285 0.02165455 0.9983222 -0.01592432 -0.05567021 0.9998086 -0.003439358 -0.01926041 0.9995748 -0.005513938 -0.02863158 0.9999964 0 -0.00270617 0.9999881 0 0.004877876 0.9999638 0 -0.008517903 0.9999987 0 -0.00166277 0.9999553 0.001789384 -0.009291523 0.999966 -0.00156021 0.008101519 1 0 0 0.9999812 0.002277642 -0.005694105 0.9999825 -0.002201473 0.005503683 1 0 0 0 -0.9963018 -0.08592218 0 -0.9947419 -0.1024128 0 -0.999126 -0.0418012 0 -0.9996594 -0.02609606 0 -0.9999068 0.01365814 0 -0.9995931 0.0285256 0 -0.8949423 -0.4461817 0 -0.8885524 -0.4587752 0 -0.9137862 -0.4061956 0 -0.9194311 -0.393251 0 0.9955699 0.09402453 0 0.9990512 0.04355307 0 0.9936074 0.1128907 0 0.9996176 0.02765279 0 0.9999765 -0.006864658 0 0.9998055 -0.01972389 0 0.8885532 0.4587734 0 0.9159357 0.4013251 0 0.9096432 0.4153904 0 0.8813789 0.4724101  
			<BiTangents>: 50 0 -0.2787043 -0.9603769 0 -0.2787043 -0.9603769 0 -0.2787043 -0.9603769 0 -0.2535399 -0.9673249 0 -0.4058597 -0.9139354 0 -0.3769286 -0.9262423 0 -0.2456205 -0.9693661 0 -0.2456206 -0.9693661 0 -0.2456205 -0.9693661 0 -0.2258399 -0.9741644 0 -0.3905043 -0.9206011 0 -0.359241 -0.9332448 0.04787179 -0.2747019 -0.960337 0.03010481 -0.1757109 -0.9839814 0.01150059 -0.175779 -0.9843625 -0.001469345 -0.2750169 -0.9614383 0.02205245 -0.1890615 -0.9817176 -0.057903 -0.2745558 -0.9598262 -0.01956508 -0.175757 -0.9842391 -0.02915769 -0.1890271 -0.9815388 -0.002657341 -0.1891069 -0.9819529 0.004877876 0 -0.9999881 -0.008517903 0 -0.9999638 -0.00166277 0 -0.9999986 -0.009462256 0.1890991 -0.9819124 0.008250386 0.1891011 -0.9819229 0 0.1891075 -0.9819564 -0.006132739 0.3713837 -0.9284593 0.005927647 0.3713842 -0.9284604 0 0.3713907 -0.9284766 0 0.08592219 -0.9963018 0 0.1024129 -0.994742 0 0.0418012 -0.9991259 0 0.02609606 -0.9996594 0 -0.01365814 -0.9999068 0 -0.0285256 -0.9995931 0 0.4461817 -0.8949424 0 0.4587752 -0.8885524 0 0.4061956 -0.9137862 0 0.393251 -0.9194311 0 0.09402453 -0.9955699 0 0.04355307 -0.9990512 0 0.1128907 -0.9936074 0 0.02765279 -0.9996176 0 -0.006864657 -0.9999764 0 -0.01972389 -0.9998055 0 0.4587734 -0.8885533 0 0.4013251 -0.9159357 0 0.4153904 -0.9096432 0 0.4724101 -0.8813789  
			<SubMeshes>: 1
				<SubMesh>: 0 114 0 1 2 3 2 4 3 4 5 6 7 8 9 10 7 9 11 10 12 13 14 12 14 15 16 12 15 17 15 14 17 14 18 19 15 17 16 15 20 19 20 15 21 16 20 22 20 19 21 20 23 22 23 20 24 21 23 25 23 22 24 23 26 25 26 23 27 24 26 28 26 25 27 26 29 28 29 26 30 31 32 30 32 33 33 32 34 33 34 35 36 37 38 36 38 39 40 41 42 40 43 41 43 44 41 43 45 44 46 47 48 46 48 49  
		</Mesh>
		<Materials>: 1
			<Material>: 0
			<MaterialName>:Material #6 (Instance)
				<AlbedoColor>: 1 1 1 1
				<EmissiveColor>: 0 0 0 1
				<Glossiness>: 0.4472136
				<Metallic>: 0
				<SpecularHighlight>: 1
				<GlossyReflection>: 1
				<AlbedoMap>: PR_ver_0.3_Wall-2_texture
				<MetallicMap>: null
				<NormalMap>: null
				<EmissionMap>: null
				<DetailAlbedoMap>: null
				<DetailNormalMap>: null
		</Materials>
		<Children>: 0
	</Frame>
</Hierarchy>
