<Hierarchy>:
	<Frame>: 0 1 Gate001
		<Transform>: 63.67699 0 70.88839 270.0198 -5.008957E-06 0 2.54 2.539999 2.539999 -0.7069848 -3.091396E-08 -3.090329E-08 0.7072288  
		<TransformMatrix>: 2.54 9.023893E-15 2.220539E-07 0 2.220538E-07 0.0008765815 -2.539999 0 -7.66399E-11 2.539999 0.0008765815 0 63.67699 0 70.88839 1  
		<Mesh>: 24 Gate001
			<Bounds>: -1.15 0.3625747 0.3067958 0.1199997 0.06257473 0.2932042
			<Positions>: 24 -1.030001 0.3 0.4994495 -1.035859 0.3 0.01359165 -1.035859 0.395 0.01359165 -1.030001 0.395 0.4994495 -1.043359 0.4175 0.0136123 -1.037501 0.4175 0.4994701 -1.030001 0.395 0.5957564 -1.030001 0.3 0.5994495 -1.0375 0.4175373 0.5985507 -1.26414 0.3 0.01414215 -1.035859 0.3 0.01359165 -1.030001 0.3 0.4994495 -1.27 0.3 0.5 -1.030001 0.3 0.5994495 -1.27 0.3 0.6 -1.23 0.425 0.5 -1.23 0.425 0.6 -1.059999 0.4251494 0.5995474 -1.060001 0.425 0.4995321 -1.0375 0.4175373 0.5985507 -1.037501 0.4175 0.4994701 -1.06586 0.425 0.01367423 -1.235858 0.425 0.01414215 -1.043359 0.4175 0.0136123  
			<Colors>: 0  
			<TextureCoords0>: 24 0.5325525 0.1705082 0.5350358 0.9945068 0.373842 0.994983 0.371613 0.1708993 0.3336008 0.9952051 0.3314392 0.1710984 0.3708699 0.007449806 0.5329794 0.0009999871 0.3302755 0.003070772 0.92235 0.9969717 0.5350358 0.9945068 0.5325525 0.1705082 0.9394832 0.1727151 0.5329794 0.0009999871 0.940561 0.003057897 0.002987994 0.1745948 0.001 0.004899919 0.2897489 0.00181812 0.2912582 0.1714951 0.3302755 0.003070772 0.3314392 0.1710984 0.2933611 0.9956599 0.005010082 0.999 0.3336008 0.9952051  
			<TextureCoords1>: 0  
			<Normals>: 24 0.9999819 3.272869E-07 -0.006028029 0.9999274 0 -0.01205584 0.9869916 0.1603309 -0.01190003 0.9870951 0.1600245 -0.005964265 0.9486152 0.3162253 -0.01143748 0.9487048 0.316111 -0.005753276 0.9864847 0.1638538 -3.25032E-05 1 6.545619E-07 0 0.9487638 0.3159862 -6.268137E-05 0 -1 0 0 -1 0 0 -1 0 0 -1 0 0 -1 0 0 -1 0 -0.0002203466 0.9999999 -0.0003729542 -0.0004416106 0.9999996 -0.0007474426 0.1587198 0.9873233 -0.0008303117 0.1612311 0.9869157 -0.001387034 0.3183437 0.947975 -0.0008935063 0.3172801 0.948329 -0.00235038 0.1592495 0.9872365 -0.001920268 0 1 0 0.3162114 0.9486811 -0.003812933  
			<Tangents>: 24 0 -0.9999977 -0.002149418 0 -0.9999957 -0.002955554 0.1602852 -0.9870595 -0.004703077 0.1600013 -0.9871079 -0.004178728 0.3161705 -0.9486809 -0.006372255 0.3160773 -0.9487141 -0.006056432 0.1638514 -0.9864709 -0.005280257 0 -0.9999993 -0.001177414 0.315973 -0.9487261 -0.008932348 -0.9999641 0 0.008468371 -0.9999615 0 0.008778618 -0.9999691 0 0.007864594 -0.9999713 0 0.007576122 -0.9999709 0 0.00762509 -0.9999731 0 0.0073475 0.9999083 0 -0.01353805 0.999911 0 -0.0133434 0.9872468 -0.1587179 -0.01234423 0.9868291 -0.1612354 -0.01309509 0.9479136 -0.3183335 -0.01111061 0.9482483 -0.3172841 -0.01249379 0.9871344 -0.1592606 -0.01419867 0.9998972 0 -0.01433253 0.9485794 -0.3162335 -0.01391625  
			<BiTangents>: 24 0.006028015 -0.002149379 0.9999795 0.01205579 -0.002955339 0.999923 0.01250008 -0.0027345 0.9999181 0.006556072 -0.003170511 0.9999735 0.01286559 -0.002428625 0.9999143 0.007372719 -0.003927286 0.9999651 0.0008972537 -0.005203567 0.9999861 7.7069E-10 -0.001177414 0.9999993 0.002881966 -0.008454883 0.9999601 0.008468371 0 0.9999641 0.008778618 0 0.9999615 0.007864594 0 0.9999691 0.007576123 0 0.9999713 0.00762509 0 0.9999709 0.0073475 0 0.9999731 0.01353805 0.0003759031 0.9999083 0.0133434 0.0007532687 0.9999107 0.01231953 -0.001139551 0.9999235 0.01314739 -0.0007425701 0.9999133 0.01081702 -0.002690027 0.9999379 0.01259396 -0.001735286 0.9999192 0.01432327 -0.0003655674 0.9998974 0.01433253 0 0.9998973 0.01440786 -0.0007836085 0.9998959  
			<SubMeshes>: 1
				<SubMesh>: 0 60 0 1 2 0 2 3 3 2 4 3 4 5 0 3 6 6 3 5 0 6 7 6 5 8 9 10 11 9 11 12 12 11 13 12 13 14 15 16 17 15 17 18 18 17 19 18 19 20 15 18 21 21 18 20 15 21 22 21 20 23  
		</Mesh>
		<Materials>: 1
			<Material>: 0
				<AlbedoColor>: 1 1 1 1
				<EmissiveColor>: 0 0 0 1
				<Glossiness>: 0
				<Metallic>: 0
				<SpecularHighlight>: 1
				<GlossyReflection>: 1
				<AlbedoMap>: PR_ver_0.3_Gate_texture
				<MetallicMap>: null
				<NormalMap>: null
				<EmissionMap>: null
				<DetailAlbedoMap>: null
				<DetailNormalMap>: null
		</Materials>
		<Children>: 0
	</Frame>
</Hierarchy>
