<Hierarchy>:
	<Frame>: 0 1 AisleFloor001
	<ParentIndex>:-1
		<Transform>: -5.000929 0 -21.62018 270 0 0 2.54 2.54 2.54 -0.7071071 0 0 0.7071065  
		<TransformMatrix>: 2.54 0 0 0 0 -2.119541E-06 -2.54 0 0 2.54 -2.119541E-06 0 -5.000929 0 -21.62018 1  
		<Mesh>: 18 Aisle004
			<Bounds>: 0 0 0 0.3 0.85 0
			<Positions>: 18 -0.18 -0.85 0 -0.3 0.85 0 -0.3 -0.85 0 -0.18 0.85 0 -0.06 -0.85 0 -0.06 0.85 0 0 -0.85 0 -0.06 0.85 0 -0.06 -0.85 0 0 0.85 0 0.06 0.85 0 0.06 -0.85 0 0.3 0.85 0 0.18 -0.85 0 0.3 -0.85 0 0.18 0.85 0 0.06 -0.85 0 0.06 0.85 0  
			<Colors>: 0  
			<TextureCoords0>: 18 0.7603631 0.9918275 0.8297976 0.008172512 0.8297976 0.9918275 0.7603631 0.008172512 0.6909286 0.9918275 0.6909286 0.008172452 0.5149882 0.9918275 0.5497054 0.008172452 0.5497054 0.9918275 0.5149882 0.008172512 0.4802709 0.008172512 0.4802709 0.9918275 0.1652171 0.008172631 0.2346516 0.9918275 0.1652171 0.9918275 0.2346516 0.008172512 0.304086 0.9918275 0.3040861 0.008172631  
			<TextureCoords1>: 0  
			<Normals>: 18 0 0 1 0 0 1 0 0 1 0 0 1 0 0 1 0 0 1 0 0 1 0 0 1 0 0 1 0 0 1 0 0 1 0 0 1 0 0 1 0 0 1 0 0 1 0 0 1 0 0 1 0 0 1  
			<Tangents>: 18 -1 0 0 -1 0 0 -1 0 0 -1 0 0 -1 0 0 -1 0 0 -1 0 0 -1 0 0 -1 0 0 -1 0 0 -1 0 0 -1 0 0 -1 0 0 -1 0 0 -1 0 0 -1 0 0 -1 0 0 -1 0 0  
			<BiTangents>: 18 0 1 0 0 1 0 0 1 0 0 1 0 0 1 0 0 1 0 0 1 0 0 1 0 0 1 0 0 1 0 0 1 0 0 1 0 0 1 0 0 1 0 0 1 0 0 1 0 0 1 0 0 1 0  
			<SubMeshes>: 1
				<SubMesh>: 0 36 0 1 2 0 3 1 4 3 0 4 5 3 6 7 8 6 9 7 10 9 6 10 6 11 12 13 14 12 15 13 15 16 13 15 17 16  
		</Mesh>
		<Materials>: 1
			<Material>: 0
			<MaterialName>:Material #9.002 (Instance)
				<AlbedoColor>: 1 1 1 1
				<EmissiveColor>: 0 0 0 1
				<Glossiness>: 0.4472136
				<Metallic>: 0
				<SpecularHighlight>: 1
				<GlossyReflection>: 1
				<AlbedoMap>: PR_Aisle_ver_0.2_004_UV_image
				<MetallicMap>: null
				<NormalMap>: null
				<EmissionMap>: null
				<DetailAlbedoMap>: null
				<DetailNormalMap>: null
		</Materials>
		<Children>: 0
	</Frame>
</Hierarchy>
