<Hierarchy>:
	<Frame>: 0 1 Door001
	<ParentIndex>:-1
		<Transform>: -3.46095 0 -7.976633 270 180 0 2.54 2.54 2.54 -5.338508E-08 0.7071068 0.7071068 5.338508E-08  
		<TransformMatrix>: -2.54 -1.804779E-14 -3.835293E-07 0 -3.835293E-07 1.513958E-07 2.54 0 1.804779E-14 2.54 -3.027916E-07 0 -3.46095 0 -7.976633 1  
		<Mesh>: 24 Box001
			<Bounds>: 0 0 0.3 0.05 0.3 0.3
			<Positions>: 24 0.05 -0.3 0 -0.05 -0.3 0 -0.05 0.3 0 0.05 0.3 0 0.05 -0.3 0.6 0.05 0.3 0.6 -0.05 0.3 0.6 -0.05 -0.3 0.6 0.05 -0.3 0 0.05 -0.3 0.6 -0.05 -0.3 0.6 -0.05 -0.3 0 -0.05 -0.3 0 -0.05 -0.3 0.6 -0.05 0.3 0.6 -0.05 0.3 0 -0.05 0.3 0 -0.05 0.3 0.6 0.05 0.3 0.6 0.05 0.3 0 0.05 0.3 0 0.05 0.3 0.6 0.05 -0.3 0.6 0.05 -0.3 0  
			<Colors>: 0  
			<TextureCoords0>: 24 0.9865062 0.9915468 0.9032796 0.9914698 0.9037414 0.4921103 0.986968 0.4921871 0.6426851 0.9894875 0.6444039 0.4901305 0.72763 0.4904171 0.7259113 0.9897739 0.7294934 0.9890682 0.7312121 0.4897113 0.8144383 0.4899977 0.8127196 0.9893546 1.44918E-11 0.9999955 0 0.5006357 0.4993598 0.5006357 0.4993598 0.9999955 0.8160141 0.9903533 0.8177329 0.4909965 0.900959 0.4912829 0.8992402 0.9906398 1.44918E-11 0.4993598 0 0 0.4993598 0 0.4993598 0.4993598  
			<TextureCoords1>: 0  
			<Normals>: 24 0 0 -1 0 0 -1 0 0 -1 0 0 -1 0 0 1 0 0 1 0 0 1 0 0 1 0 -1 0 0 -1 0 0 -1 0 0 -1 0 -1 0 0 -1 0 0 -1 0 0 -1 0 0 0 1 0 0 1 0 0 1 0 0 1 0 1 0 0 1 0 0 1 0 0 1 0 0  
			<Tangents>: 24 1 0 0 1 0 0 1 0 0 1 0 0 -0.9999942 0.003441938 0 -0.9999942 0.003443359 0 -0.9999942 0.003443192 0 -0.9999942 0.003441771 0 -0.9999942 0 0.003441905 -0.9999942 0 0.003440642 -0.9999942 0 0.003440494 -0.9999942 0 0.003441756 0 1 0 0 1 0 0 1 0 0 1 0 0.9999942 0 0.003441971 0.9999942 0 0.00344129 0.9999942 0 0.00344121 0.9999942 0 0.003441891 0 -1 0 0 -1 0 0 -1 0 0 -1 0  
			<BiTangents>: 24 0 1 0 0 1 0 0 1 0 0 1 0 0.003441937 0.999994 0 0.003443358 0.999994 0 0.003443191 0.999994 0 0.00344177 0.999994 0 0.003441904 0 0.999994 0.003440642 0 0.999994 0.003440493 0 0.999994 0.003441755 0 0.999994 0 0 1 0 0 1 0 0 1 0 0 1 -0.003441971 0 0.999994 -0.00344129 0 0.999994 -0.003441209 0 0.999994 -0.003441891 0 0.999994 0 0 1 0 0 1 0 0 1 0 0 1  
			<SubMeshes>: 1
				<SubMesh>: 0 36 0 1 2 0 2 3 4 5 6 4 6 7 8 9 10 8 10 11 12 13 14 12 14 15 16 17 18 16 18 19 20 21 22 20 22 23  
		</Mesh>
		<Materials>: 1
			<Material>: 0
			<MaterialName>:Material #25.005 (Instance)
				<AlbedoColor>: 1 1 1 1
				<EmissiveColor>: 0 0 0 1
				<Glossiness>: 0.4
				<Metallic>: 0
				<SpecularHighlight>: 1
				<GlossyReflection>: 1
				<AlbedoMap>: Door_Texture
				<MetallicMap>: null
				<NormalMap>: null
				<EmissionMap>: null
				<DetailAlbedoMap>: null
				<DetailNormalMap>: null
		</Materials>
		<Children>: 0
	</Frame>
</Hierarchy>
