<Hierarchy>:
	<Frame>: 0 1 Gate001-2
	<ParentIndex>:-1
		<Transform>: -3.988669 0 -7.799475 270 0 0 2.54 2.54 2.54 -0.7071071 0 0 0.7071066  
		<TransformMatrix>: 2.54 0 0 0 0 -2.119541E-06 -2.54 0 0 2.54 -2.119541E-06 0 -3.988669 0 -7.799475 1  
		<Mesh>: 24 Gate001-2
			<Bounds>: -1.15 -0.3625747 0.3067958 0.1199997 0.06257473 0.2932042
			<Positions>: 24 -1.035859 -0.395 0.01359165 -1.035859 -0.3 0.01359165 -1.030001 -0.3 0.4994495 -1.030001 -0.395 0.4994495 -1.043359 -0.4175 0.0136123 -1.037501 -0.4175 0.4994701 -1.030001 -0.395 0.5957564 -1.030001 -0.3 0.5994495 -1.0375 -0.4175374 0.5985507 -1.26414 -0.3 0.01414215 -1.030001 -0.3 0.4994495 -1.035859 -0.3 0.01359165 -1.27 -0.3 0.5 -1.030001 -0.3 0.5994495 -1.27 -0.3 0.6 -1.059999 -0.4251494 0.5995474 -1.23 -0.425 0.6 -1.23 -0.425 0.5 -1.060001 -0.425 0.4995321 -1.0375 -0.4175374 0.5985507 -1.037501 -0.4175 0.4994701 -1.06586 -0.425 0.01367423 -1.235858 -0.425 0.01414215 -1.043359 -0.4175 0.0136123  
			<Colors>: 0  
			<TextureCoords0>: 24 0.567719 0.9949831 0.4065253 0.9945066 0.4090086 0.1705084 0.569948 0.1708996 0.6079601 0.995205 0.6101218 0.1710984 0.570691 0.007449925 0.4085816 0.0009999871 0.6112856 0.003070831 0.01921095 0.9969722 0.4090086 0.1705084 0.4065253 0.9945066 0.00207795 0.1727152 0.4085816 0.0009999871 0.001 0.003057957 0.651812 0.001818419 0.9405609 0.004900157 0.9385731 0.1745949 0.6503028 0.1714952 0.6112856 0.003070831 0.6101218 0.1710984 0.6481999 0.9956598 0.9365508 0.999 0.6079601 0.995205  
			<TextureCoords1>: 0  
			<Normals>: 24 0.9869915 -0.1603317 -0.01190003 0.9999274 0 -0.01205584 0.9999819 -1.840989E-07 -0.006028029 0.9870951 -0.1600246 -0.005964263 0.9486145 -0.316227 -0.01143747 0.9487047 -0.3161113 -0.005753274 0.9864847 -0.1638532 -3.250511E-05 1 -3.681911E-07 0 0.9487641 -0.3159853 -6.268507E-05 0 1 0 0 1 0 0 1 0 0 1 0 0 1 0 0 1 0 0.1587197 -0.9873233 -0.00083039 -0.0004416105 -0.9999996 -0.0007474423 -0.0002203466 -0.9999999 -0.0003729448 0.1612311 -0.9869157 -0.001387071 0.3183435 -0.947975 -0.0008936634 0.3172803 -0.9483289 -0.002350461 0.1592498 -0.9872365 -0.001920262 0 -1 0 0.3162119 -0.9486809 -0.00381294  
			<Tangents>: 24 -0.1602862 -0.9870594 0.004693894 0 -0.9999957 0.002957343 0 -0.9999977 0.002149846 -0.1600015 -0.9871079 0.004171432 -0.3161719 -0.9486804 0.006387914 -0.3160777 -0.948714 0.006059818 -0.1638507 -0.986471 0.005279401 0 -0.9999993 0.001178152 -0.3159721 -0.9487265 0.008930814 0.9999641 0 -0.008469573 0.9999702 0 -0.00772686 0.9999615 0 -0.008780312 0.9999703 0 -0.007713187 0.9999731 0 -0.007352083 0.999971 0 -0.007622456 -0.9872475 -0.1587179 0.01229568 -0.9999096 0 0.01344567 -0.9999077 0 0.01358818 -0.9868292 -0.1612354 0.01308205 -0.9479136 -0.3183333 0.01111436 -0.9482484 -0.3172843 0.0124734 -0.9871342 -0.1592609 0.01422004 -0.9998972 0 0.0143328 -0.9485798 -0.316234 0.01386955  
			<BiTangents>: 24 0.01249861 0.002725424 0.9999182 0.01205579 0.002957128 0.999923 0.006028015 0.002149807 0.9999795 0.006554903 0.003163309 0.9999735 0.01287054 0.00244346 0.9999142 0.007373788 0.003930495 0.9999651 0.0008971121 0.005202723 0.9999861 4.337852E-10 0.001178152 0.9999993 0.002881477 0.008453429 0.9999601 0.008469573 0 0.9999641 0.00772686 0 0.9999702 0.008780312 0 0.9999615 0.007713187 0 0.9999702 0.007352082 0 0.9999729 0.007622455 0 0.9999709 0.01227161 0.001131766 0.999924 0.01344566 -0.0007533125 0.9999093 0.01358818 -0.0003759045 0.9999076 0.01313453 0.0007404317 0.9999135 0.01082062 0.002691068 0.9999378 0.01257465 0.001728742 0.9999194 0.01434437 0.0003689824 0.999897 0.0143328 0 0.9998973 0.01436355 0.0007688376 0.9998965  
			<SubMeshes>: 1
				<SubMesh>: 0 60 0 1 2 0 2 3 3 4 0 3 5 4 2 6 3 6 5 3 2 7 6 6 8 5 9 10 11 9 12 10 12 13 10 12 14 13 15 16 17 15 17 18 18 19 15 18 20 19 17 21 18 21 20 18 17 22 21 21 23 20  
		</Mesh>
		<Materials>: 1
			<Material>: 0
			<MaterialName>:Material #12 (Instance)
				<AlbedoColor>: 1 1 1 1
				<EmissiveColor>: 0 0 0 1
				<Glossiness>: 0.4472136
				<Metallic>: 0
				<SpecularHighlight>: 1
				<GlossyReflection>: 1
				<AlbedoMap>: PR_ver_0.3_Gate-2_texture
				<MetallicMap>: null
				<NormalMap>: null
				<EmissionMap>: null
				<DetailAlbedoMap>: null
				<DetailNormalMap>: null
		</Materials>
		<Children>: 0
	</Frame>
</Hierarchy>
